Intra-cluster Variance:
predicted_cluster
0     54577.977073
1     35689.480085
2         0.000000
3     39093.180417
4    102988.506610
Name: engagement_score, dtype: float64
 Inter-cluster Distance Matrix:
             0            1            2            3            4
0     0.000000  1364.387073  1103.536503   779.977331  2391.371464
1  1364.387073     0.000000  2467.923576   584.409742  1026.984391
2  1103.536503  2467.923576     0.000000  1883.513834  3494.907967
3   779.977331   584.409742  1883.513834     0.000000  1611.394133
4  2391.371464  1026.984391  3494.907967  1611.394133     0.000000